781 -21.000 0.99
1631 -21.000 0.98
2472 -20.667 0.96
3234 -20.750 0.95
4086 -20.800 0.94
4848 -20.833 0.93
5610 -20.857 0.92
6372 -20.875 0.91
7134 -20.889 0.90
7954 -20.900 0.89
8716 -20.900 0.88
9478 -20.900 0.87
10319 -21.000 0.86
11304 -20.900 0.84
12422 -20.700 0.83
13382 -20.600 0.82
14392 -20.400 0.81
15393 -20.300 0.79
16303 -20.300 0.78
17173 -20.200 0.77
18013 -20.100 0.76
19067 -20.000 0.75
19997 -20.000 0.74
20987 -20.000 0.73
21846 -20.100 0.72
22931 -20.000 0.71
23846 -20.100 0.70
24776 -20.200 0.69
25557 -20.200 0.68
26616 -20.300 0.67
27645 -20.400 0.66
28525 -20.500 0.65
29532 -20.400 0.64
30432 -20.400 0.63
31254 -20.500 0.63
32244 -20.600 0.62
33096 -20.700 0.61
34385 -20.600 0.60
35222 -20.600 0.59
36044 -20.600 0.58
37016 -20.600 0.57
37933 -20.500 0.57
38768 -20.500 0.56
39558 -20.600 0.55
40487 -20.500 0.54
41429 -20.600 0.54
42410 -20.500 0.53
43625 -20.500 0.52
44646 -20.400 0.51
45464 -20.400 0.51
46693 -20.400 0.50
47872 -20.500 0.49
49022 -20.600 0.48
49991 -20.600 0.47
50956 -20.500 0.47
52118 -20.400 0.46
53148 -20.500 0.45
54364 -20.500 0.44
55483 -20.500 0.44
56663 -20.500 0.43
57898 -20.400 0.42
59427 -20.400 0.41
60880 -20.300 0.40
62626 -20.000 0.39
63868 -20.100 0.38
65158 -20.000 0.38
66558 -19.800 0.37
67830 -19.700 0.36
69448 -19.500 0.35
70798 -19.300 0.35
72908 -19.000 0.33
74353 -18.800 0.33
75604 -18.700 0.32
77179 -18.900 0.31
78650 -18.800 0.31
80537 -18.800 0.30
82355 -18.700 0.29
84427 -18.700 0.28
86142 -18.700 0.27
88078 -18.200 0.27
89590 -18.600 0.26
91803 -18.200 0.25
93956 -17.800 0.24
95919 -17.400 0.24
97982 -16.700 0.23
99663 -16.600 0.22
101462 -16.300 0.22
103490 -15.800 0.21
105337 -15.600 0.21
106914 -15.900 0.20
108736 -15.300 0.20
110952 -14.900 0.19
112856 -14.800 0.18
115238 -14.400 0.18
117714 -14.100 0.17
120507 -13.300 0.16
123181 -12.600 0.16
125385 -12.600 0.15
128047 -12.200 0.15
130250 -11.900 0.14
133016 -11.400 0.14
135488 -10.900 0.13
138240 -9.000 0.13
140684 -6.700 0.12
143864 -6.600 0.12
146899 -5.200 0.11
149329 -3.600 0.11
152425 -2.100 0.10
155815 -0.300 0.10
157943 2.500 0.09
160817 3.700 0.09
163268 5.300 0.09
165236 6.200 0.08
167383 6.400 0.08
170071 8.000 0.08
172400 8.700 0.08
174745 9.200 0.07
177126 10.400 0.07
179501 11.100 0.07
181560 11.200 0.07
183803 12.600 0.06
185945 13.200 0.06
187905 13.500 0.06
189928 13.600 0.06
191915 14.300 0.06
193703 15.000 0.05
195593 15.600 0.05
197698 15.900 0.05
199979 15.900 0.05
201833 16.200 0.05
203877 16.100 0.05
205920 16.000 0.05
208120 15.600 0.04
210177 15.800 0.04
212647 15.700 0.04
214427 15.800 0.04
216383 15.700 0.04
218328 15.900 0.04
220341 16.200 0.04
222770 15.500 0.04
224670 15.600 0.03
226671 15.700 0.03
228503 16.300 0.03
230308 16.600 0.03
232457 16.700 0.03
234289 16.700 0.03
236473 16.400 0.03
238171 16.700 0.03
239992 17.000 0.03
241917 17.700 0.03
243734 17.900 0.03
245553 18.200 0.03
247250 18.400 0.02
249206 18.300 0.02
251051 18.600 0.02
252960 18.500 0.02
254717 18.800 0.02
256414 18.800 0.02
258376 18.500 0.02
260124 18.700 0.02
261968 18.800 0.02
263921 18.700 0.02
265713 18.600 0.02
267410 18.900 0.02
269107 19.200 0.02
