878 -21.000 0.99
1994 -20.000 0.97
2923 -20.333 0.96
3861 -20.500 0.94
4701 -20.600 0.93
5579 -20.667 0.92
6341 -20.714 0.91
7191 -20.750 0.90
8043 -20.778 0.89
8954 -20.800 0.87
9792 -20.800 0.86
10554 -21.000 0.85
11422 -20.900 0.84
12246 -20.900 0.83
13115 -20.800 0.82
14025 -20.800 0.81
14938 -20.800 0.80
15820 -20.800 0.79
16709 -20.700 0.78
17734 -20.500 0.77
18810 -20.400 0.75
19716 -20.300 0.74
20690 -20.200 0.73
21626 -20.000 0.72
22512 -20.100 0.71
23647 -19.900 0.70
24535 -19.900 0.69
25629 -19.700 0.68
26410 -19.800 0.67
27418 -19.800 0.66
28271 -19.900 0.65
29033 -20.000 0.65
29874 -20.200 0.64
30752 -20.400 0.63
31561 -20.400 0.62
32342 -20.600 0.62
33192 -20.600 0.61
34104 -20.800 0.60
35156 -20.700 0.59
36247 -20.800 0.58
37223 -20.700 0.57
38195 -20.700 0.56
39394 -20.700 0.55
40336 -20.700 0.55
41285 -20.600 0.54
42340 -20.600 0.53
43252 -20.600 0.52
44632 -20.200 0.51
45604 -20.300 0.50
46716 -20.200 0.50
47644 -20.200 0.49
48692 -20.200 0.48
49680 -20.000 0.47
50806 -19.800 0.47
51628 -19.900 0.46
52524 -19.800 0.45
53565 -19.700 0.45
54664 -19.900 0.44
55711 -19.900 0.43
56849 -19.800 0.43
57731 -19.900 0.42
58597 -19.900 0.42
59818 -19.800 0.41
61093 -19.800 0.40
62183 -19.500 0.39
63257 -19.500 0.39
64435 -19.300 0.38
65955 -19.300 0.37
67176 -19.200 0.37
68507 -19.200 0.36
69870 -18.900 0.35
70746 -18.800 0.35
72026 -18.800 0.34
73142 -18.800 0.33
74552 -18.900 0.33
75940 -18.900 0.32
77867 -18.700 0.31
79337 -18.700 0.30
81657 -18.200 0.29
83310 -18.300 0.29
85097 -18.200 0.28
86686 -18.000 0.27
87707 -18.200 0.27
89443 -18.100 0.26
91883 -17.500 0.25
93776 -17.300 0.24
95930 -17.200 0.24
98088 -17.200 0.23
99859 -17.500 0.22
101428 -17.700 0.22
103284 -17.800 0.21
105181 -17.800 0.21
107052 -17.400 0.20
109295 -17.000 0.19
111411 -17.300 0.19
114014 -17.000 0.18
116040 -17.100 0.18
117825 -17.000 0.17
119453 -17.200 0.17
121156 -16.700 0.16
123289 -16.500 0.16
125300 -16.400 0.15
127239 -16.400 0.15
129380 -16.600 0.14
131643 -16.500 0.14
133529 -16.800 0.13
135526 -17.000 0.13
136816 -17.000 0.13
139371 -16.300 0.12
141817 -15.900 0.12
144380 -15.300 0.11
146653 -14.800 0.11
149500 -14.100 0.11
151707 -14.100 0.10
153962 -14.200 0.10
156502 -13.900 0.10
158907 -13.100 0.09
162140 -11.800 0.09
164456 -11.600 0.08
167262 -11.000 0.08
170014 -11.200 0.08
172917 -10.800 0.07
175384 -10.700 0.07
178787 -9.900 0.07
182855 -8.400 0.06
186469 -7.000 0.06
189185 -6.800 0.06
192404 -6.200 0.06
195320 -5.900 0.05
198366 -5.700 0.05
201492 -4.100 0.05
204308 -1.800 0.05
206972 0.400 0.04
209850 2.000 0.04
212227 3.500 0.04
215764 3.700 0.04
218238 6.100 0.04
221155 7.400 0.04
224064 9.200 0.03
226458 10.800 0.03
228893 11.700 0.03
231102 11.900 0.03
233021 12.200 0.03
235152 12.900 0.03
237079 13.400 0.03
239334 14.800 0.03
241530 14.700 0.03
243741 15.000 0.03
245549 15.800 0.03
247745 16.400 0.02
249822 16.800 0.02
252028 17.000 0.02
253691 17.300 0.02
255433 17.700 0.02
257064 17.900 0.02
258860 18.200 0.02
260522 18.700 0.02
262473 18.900 0.02
264585 18.600 0.02
266222 18.900 0.02
268125 19.000 0.02
270231 18.400 0.02
272171 18.200 0.02
274254 18.000 0.02
276729 17.100 0.02
278823 17.100 0.02
280486 17.100 0.02
282550 16.700 0.02
284308 17.100 0.02
286357 16.600 0.02
288322 16.500 0.02
289955 17.300 0.02
291658 17.500 0.02
293411 17.800 0.02
295233 18.500 0.02
297334 18.400 0.02
299152 18.400 0.02
300783 19.000 0.02
302642 18.900 0.02
304272 19.400 0.02
