840 -20.000 0.99
1787 -20.000 0.97
2690 -20.000 0.96
3633 -20.250 0.95
4635 -20.400 0.93
5485 -20.500 0.92
6325 -20.429 0.91
7177 -20.500 0.90
8124 -20.333 0.89
9119 -20.300 0.87
9969 -20.400 0.86
10731 -20.500 0.85
11849 -20.400 0.84
12750 -20.400 0.83
13652 -20.300 0.81
14502 -20.300 0.80
15431 -20.400 0.79
16253 -20.400 0.78
17436 -20.500 0.77
18563 -20.500 0.76
19732 -20.400 0.74
20573 -20.300 0.73
21533 -20.400 0.72
22376 -20.400 0.71
23301 -20.400 0.71
24203 -20.400 0.70
25147 -20.400 0.69
26329 -20.100 0.67
27264 -20.000 0.66
28244 -20.000 0.65
29296 -20.000 0.64
30555 -19.900 0.63
31773 -19.900 0.62
32843 -19.900 0.61
33867 -19.900 0.60
34966 -19.800 0.59
36250 -19.500 0.58
37407 -19.800 0.57
38509 -19.900 0.56
40656 -19.700 0.54
41870 -19.600 0.53
43306 -19.600 0.52
44702 -19.400 0.51
45815 -19.200 0.50
47403 -19.000 0.49
48984 -18.900 0.48
50563 -18.700 0.47
52229 -18.200 0.46
53830 -18.200 0.45
55421 -18.200 0.44
57082 -18.100 0.42
58620 -18.200 0.42
60687 -17.900 0.40
62206 -18.100 0.39
64248 -18.000 0.38
65506 -18.100 0.37
67168 -18.100 0.37
69024 -18.100 0.36
70581 -17.900 0.35
72176 -18.000 0.34
73894 -17.700 0.33
75932 -17.200 0.32
77869 -17.400 0.31
79636 -17.200 0.30
81318 -17.400 0.30
82948 -17.400 0.29
84992 -17.100 0.28
87117 -17.300 0.27
89520 -16.500 0.26
91526 -16.000 0.25
93724 -15.900 0.25
95862 -15.400 0.24
98377 -15.100 0.23
100951 -14.100 0.22
102464 -13.800 0.22
104534 -13.400 0.21
106284 -13.700 0.20
107782 -13.600 0.20
109764 -14.200 0.19
111799 -14.100 0.19
113719 -14.100 0.18
116365 -14.500 0.17
118496 -14.500 0.17
120876 -14.500 0.16
123493 -13.800 0.16
126321 -12.700 0.15
129287 -10.200 0.14
132053 -9.000 0.14
135048 -7.800 0.13
138489 -6.600 0.13
140977 -3.900 0.12
143524 -1.600 0.12
146385 0.300 0.11
148925 2.200 0.11
151897 3.800 0.10
155111 4.500 0.10
158383 4.500 0.09
160954 5.900 0.09
163632 7.200 0.09
166273 8.300 0.08
167981 9.000 0.08
170755 8.700 0.08
173137 9.300 0.07
175970 9.200 0.07
178075 9.900 0.07
180374 10.800 0.07
182376 11.600 0.06
185186 11.900 0.06
187365 12.600 0.06
190182 12.700 0.06
192307 12.000 0.06
194743 12.200 0.05
197077 12.400 0.05
199813 12.600 0.05
202096 12.700 0.05
203947 13.300 0.05
206391 12.700 0.05
208654 13.100 0.04
210892 12.700 0.04
212704 13.400 0.04
214750 13.800 0.04
217052 14.600 0.04
219452 14.900 0.04
221138 15.800 0.04
222845 16.300 0.04
225262 15.800 0.03
227588 15.900 0.03
229764 15.800 0.03
231644 16.300 0.03
233508 16.300 0.03
235144 16.700 0.03
236941 16.900 0.03
238709 17.300 0.03
240344 17.400 0.03
242545 16.900 0.03
244331 17.500 0.03
246211 18.200 0.02
248154 18.500 0.02
250011 18.700 0.02
251826 18.900 0.02
254092 18.500 0.02
255820 18.600 0.02
258429 18.200 0.02
260368 18.000 0.02
262619 18.400 0.02
264249 18.700 0.02
266167 18.500 0.02
267799 18.800 0.02
269526 18.800 0.02
271157 18.900 0.02
273228 18.900 0.02
274922 19.000 0.02
277228 18.900 0.02
278932 19.100 0.02
