912 -21.000 0.99
1764 -21.000 0.97
2847 -20.333 0.96
3778 -20.500 0.94
4662 -20.600 0.93
5658 -20.333 0.92
6596 -20.429 0.91
7614 -20.375 0.89
8759 -20.333 0.88
9756 -20.200 0.86
10713 -20.100 0.85
11550 -20.100 0.84
12526 -20.200 0.83
13376 -20.200 0.82
14212 -20.100 0.81
15227 -20.100 0.80
16115 -20.000 0.79
17059 -20.100 0.77
18139 -20.100 0.76
19231 -20.000 0.75
20071 -20.000 0.74
20893 -20.000 0.73
21875 -19.900 0.72
22864 -19.800 0.71
23684 -19.900 0.70
24632 -20.000 0.69
25454 -20.100 0.68
26472 -20.000 0.67
27415 -20.100 0.66
28177 -20.400 0.66
29047 -20.500 0.65
30185 -20.300 0.64
31105 -20.400 0.63
32047 -20.500 0.62
33038 -20.500 0.61
34011 -20.600 0.60
35068 -20.400 0.59
36313 -20.400 0.58
37259 -20.400 0.57
38297 -20.100 0.56
39338 -20.000 0.55
40266 -20.100 0.55
41195 -20.200 0.54
42018 -20.200 0.53
42868 -20.200 0.53
43658 -20.200 0.52
44439 -20.400 0.51
45459 -20.400 0.51
46434 -20.200 0.50
47414 -20.500 0.49
48376 -20.500 0.48
49530 -20.300 0.48
50629 -20.200 0.47
51663 -20.000 0.46
52809 -19.800 0.45
53756 -19.700 0.45
54759 -19.700 0.44
55950 -19.800 0.43
56872 -20.000 0.43
57819 -19.900 0.42
59349 -19.700 0.41
60994 -19.500 0.40
62590 -19.200 0.39
63897 -19.200 0.38
65352 -19.300 0.38
66747 -19.000 0.37
68296 -18.800 0.36
70216 -18.500 0.35
71991 -18.300 0.34
73475 -18.200 0.33
75063 -18.100 0.32
76574 -18.300 0.32
78266 -18.500 0.31
79771 -18.400 0.30
81100 -18.200 0.30
82723 -18.300 0.29
84226 -18.300 0.28
85531 -18.600 0.28
87340 -18.300 0.27
88547 -18.300 0.26
89942 -18.500 0.26
91352 -18.500 0.25
92731 -18.400 0.25
94500 -18.600 0.24
95863 -18.900 0.24
97764 -18.900 0.23
99252 -18.900 0.23
100638 -18.800 0.22
102097 -19.200 0.22
104081 -18.700 0.21
105894 -18.600 0.20
107892 -18.400 0.20
109897 -18.000 0.19
111687 -17.700 0.19
113693 -17.400 0.18
115247 -17.600 0.18
117144 -17.600 0.17
119317 -17.100 0.17
122010 -16.700 0.16
124618 -16.800 0.15
126834 -16.500 0.15
128366 -16.900 0.15
130539 -17.200 0.14
132691 -17.300 0.14
134901 -17.200 0.13
137140 -16.800 0.13
139407 -16.500 0.12
141517 -16.600 0.12
143920 -16.600 0.12
145935 -16.800 0.11
148588 -16.900 0.11
150593 -16.600 0.10
152898 -16.500 0.10
155493 -16.300 0.10
158424 -16.100 0.09
161024 -16.000 0.09
163416 -15.800 0.09
166811 -15.400 0.08
169536 -15.100 0.08
172608 -14.300 0.08
176305 -13.400 0.07
180022 -12.200 0.07
184228 -10.400 0.06
187504 -8.500 0.06
190885 -7.900 0.06
194181 -6.000 0.05
197353 -3.900 0.05
200555 -2.600 0.05
203002 -0.200 0.05
205707 1.700 0.05
207650 4.100 0.04
210601 5.000 0.04
212660 6.300 0.04
214855 7.600 0.04
216827 10.100 0.04
218580 11.600 0.04
220632 12.500 0.04
222580 13.900 0.04
224613 14.400 0.03
226710 15.000 0.03
228813 14.900 0.03
230956 16.200 0.03
233962 15.800 0.03
235847 15.900 0.03
238067 16.000 0.03
240393 15.500 0.03
242459 15.800 0.03
244273 16.300 0.03
246235 16.500 0.02
248081 16.800 0.02
250103 17.100 0.02
251959 17.300 0.02
253952 18.100 0.02
256039 18.100 0.02
258716 17.600 0.02
260493 18.200 0.02
262645 17.900 0.02
264915 17.600 0.02
267100 17.300 0.02
269158 17.200 0.02
271213 16.900 0.02
273023 16.900 0.02
275342 16.700 0.02
277042 17.000 0.02
278972 17.600 0.02
280795 17.700 0.02
282919 17.600 0.02
284805 17.700 0.02
286710 18.000 0.02
288546 18.200 0.02
290558 18.100 0.02
292564 17.900 0.02
294333 18.000 0.02
296247 17.900 0.02
298097 18.000 0.02
299960 17.700 0.02
301872 18.000 0.02
303969 17.900 0.02
305917 17.900 0.02
307839 17.700 0.02
309722 18.100 0.02
311800 18.200 0.02
313471 18.400 0.02
315142 18.500 0.02
316893 18.600 0.02
318746 18.600 0.02
321297 18.200 0.02
323602 18.300 0.02
325460 18.300 0.02
327550 18.300 0.02
329661 18.000 0.02
331993 17.700 0.02
334185 17.500 0.02
336298 17.400 0.02
338210 17.300 0.02
340590 16.900 0.02
342590 17.100 0.02
344500 17.000 0.02
346249 17.200 0.02
348352 17.000 0.02
350737 17.000 0.02
352495 17.400 0.02
354336 17.500 0.02
356227 17.400 0.02
358101 17.400 0.02
359969 17.800 0.02
361627 18.300 0.02
363794 17.900 0.02
365494 18.000 0.02
367398 18.400 0.02
369268 18.600 0.02
371722 17.900 0.02
374064 17.300 0.02
375994 17.500 0.02
377664 17.600 0.02
379506 17.700 0.02
381237 17.600 0.02
383035 18.300 0.02
385095 18.000 0.02
387012 17.900 0.02
388879 18.000 0.02
390536 18.900 0.02
392570 19.400 0.02
